-1.575952841305086893e-01 -4.728856807573881271e-01 1.897174198144787605e-01 1.096210062056202084e+00 -4.987830072482337535e-02 2.617277753883176517e-01 2.032280682226667856e-01 -1.169573132517734315e+00 -3.915542088100916196e-01 -6.245169439257793748e-02
7.689958588882622736e-01 -2.246882020079559172e-01 -7.889539043377216121e-01 -9.168552192512522403e-01 -1.533055137460178838e-02 -6.227602571818574573e-01 1.903649212787622558e-01 1.134268794996263319e+00 3.165709637649841146e-01 -3.758037107226078755e-01
4.697321811155655835e-01 1.500373946649709855e-01 -1.221233923855425729e+00 7.595846339420532223e-01 1.590502974258670432e-01 7.768088281951700258e-02 -5.323789302466566120e-01 2.402657291978146925e-02 2.598998274874420034e-01 7.136142295862974994e-01
3.074319085103260907e-01 -9.908207111289663027e-01 5.639664947156529384e-05 -1.230393160001535535e-01 -1.349777231062941618e-01 6.490053862755127412e-01 5.991130186192524659e-02 5.513630679718715122e-01 -3.207968820005667743e-01 5.795655144666238545e-01
-9.977050484211702486e-01 8.847711144311000142e-01 5.069934823990444039e-01 -3.919788958623490194e-01 -8.077185663084865408e-02 -5.178828677096519728e-01 -3.380489097586954483e-01 1.333061838140915945e-01 -7.426294797931279890e-01 6.740372803031328131e-01
1.217690956410594355e-01 -7.227073052800188080e-01 8.867000397913122889e-01 4.722321851599428078e-01 2.255667365102883293e-01 -7.339825150279781774e-01 -1.982300770400578227e-01 7.901029026942232858e-02 3.260314857018462575e-01 -4.939291885796147086e-01
-1.117973263036351028e+00 4.717237042496664756e-01 -8.096591124312255694e-01 8.469519911081910823e-01 -7.921126874200586088e-02 -1.452597186432758036e-01 4.019017626436056090e-01 3.842053068691458906e-01 2.894584835070166950e-01 -6.063325905030730878e-01
-1.640493291105299123e-01 -5.109058531868291425e-02 6.731049758688790741e-01 -8.633518731828973003e-01 -3.126175766385212718e-02 5.094174268709649178e-01 -1.758579836584537870e-01 -7.129140413153880473e-01 1.168481054352731530e+00 4.314035498088410470e-01
9.322998095798177287e-01 4.225126380483079092e-01 2.029859069851406572e-01 1.976794053341352636e-02 -2.286495482000758805e-01 -3.896515178502794607e-01 1.978083202063282420e-01 -1.922061582583204919e-01 -4.086506402817417505e-01 -3.542959824742574204e-01
-1.721585757441389253e-01 5.543852286327189960e-01 3.574376895112008068e-01 -8.944345181469605111e-01 1.893169664647401662e-01 9.449939471854617024e-01 1.891013838896329902e-01 -1.924173152874558146e-01 -5.172620157224550042e-01 -4.574941146742170228e-01
